6
0
0 1 4
0 5 3
1 3 1
1 3 2
2 5 4
3 2 2
4 1 6
-1
10
0
2 0 7
5 1 3
1 9 2
6 0 3
5 3 1
9 0 6
7 9 8
8 9 7
7 6 2
3 0 8
7 1 0
0 6 2
9 3 0
2 5 3
1 8 3
1 7 5
9 0 2
6 5 2
6 7 8
7 6 8
1 7 3
2 3 9
3 4 8
5 0 4
8 3 1
5 9 4
1 0 2
9 6 1
6 7 5
6 7 8
-1
100
0
10 22 85
85 56 79
1 51 70
43 3 29
57 32 0
86 15 44
65 46 39
78 39 84
51 25 24
12 19 85
10 57 0
0 5 77
44 90 18
37 52 22
80 71 90
40 28 72
15 14 31
66 91 54
53 61 79
4 2 3
30 82 69
81 21 41
23 60 0
15 89 83
36 81 21
13 0 38
84 92 65
54 8 12
71 14 85
4 91 54
79 23 81
62 14 16
35 76 24
7 66 11
4 68 52
43 18 35
66 40 16
90 89 98
36 22 72
42 96 6
40 48 25
11 14 1
56 90 64
98 58 40
36 80 38
26 61 22
7 98 55
73 33 28
24 48 29
26 31 85
41 87 42
20 8 30
12 43 53
88 27 44
77 90 74
40 66 64
67 71 11
34 74 27
83 32 64
41 72 34
73 75 41
75 80 12
5 64 53
56 79 70
82 57 28
26 72 62
89 72 71
41 55 47
28 92 0
41 84 64
52 71 24
8 74 78
7 0 63
32 0 79
92 67 1
93 26 3
26 50 1
17 79 52
60 5 28
43 90 85
72 67 1
76 48 20
53 79 28
96 22 81
5 94 51
82 69 95
42 80 92
77 17 98
99 50 10
9 65 19
55 35 43
2 63 60
60 27 92
31 93 63
61 52 87
91 35 16
51 76 89
50 10 70
22 58 97
29 64 14
66 59 12
61 80 71
22 72 8
81 80 95
37 78 31
93 38 13
12 51 58
62 78 83
0 81 50
3 20 35
20 87 54
48 89 69
86 6 16
32 85 47
13 83 91
46 26 65
29 87 78
97 29 33
28 60 34
97 73 5
4 27 60
80 8 85
24 65 43
58 88 65
64 89 54
5 26 54
51 50 12
95 73 53
79 34 28
17 95 19
70 44 16
7 39 64
13 26 81
54 46 65
6 26 59
84 16 68
0 2 50
99 52 13
21 61 31
96 70 60
79 36 41
96 5 78
35 15 12
87 41 78
56 1 27
41 18 3
2 84 40
26 53 57
96 82 43
9 45 44
64 41 0
68 86 93
58 22 63
10 51 19
38 22 39
97 46 10
59 42 53
34 87 90
90 63 54
98 49 74
83 57 74
12 36 65
19 47 36
70 28 93
86 45 59
36 43 76
16 43 21
48 41 94
91 41 35
24 0 28
23 40 85
65 87 0
55 11 37
74 30 23
8 85 82
22 15 50
22 87 15
24 87 21
46 77 42
50 91 17
36 87 1
15 48 70
8 7 82
7 99 37
38 19 87
82 50 69
23 32 73
54 15 73
26 19 66
28 66 22
63 2 81
97 64 44
36 31 97
56 71 3
63 7 85
24 87 6
71 64 29
84 60 8
96 81 3
84 1 89
76 56 73
34 16 17
26 78 66
89 97 38
56 62 0
87 42 41
29 42 21
98 94 49
14 28 31
15 16 47
3 80 18
1 27 2
51 95 9
4 23 21
98 89 28
87 43 2
93 43 40
83 18 9
10 67 89
4 80 14
84 25 30
8 48 98
76 52 41
5 99 49
10 34 5
80 24 9
22 56 96
49 96 80
75 64 44
8 62 22
1 59 99
68 17 35
9 35 8
61 70 87
26 33 32
81 88 33
86 28 23
12 58 35
58 95 93
36 70 52
57 90 13
1 23 17
82 48 69
89 69 41
80 31 55
72 27 76
10 82 79
36 3 99
11 66 18
50 13 58
31 25 84
65 95 82
14 98 81
23 37 55
25 63 46
68 82 14
92 0 53
36 48 82
24 75 3
73 0 18
17 83 34
35 73 64
71 49 50
9 22 5
29 15 48
33 81 17
99 54 70
74 50 2
97 40 92
8 20 53
74 65 83
49 62 66
74 3 59
59 98 86
58 12 50
33 99 76
64 34 21
84 67 50
77 79 75
23 68 4
15 99 53
18 68 86
43 77 13
83 52 44
96 24 81
73 6 27
3 74 25
37 80 82
35 48 57
25 11 24
9 65 8
68 15 40
48 10 57
31 23 29
40 27 44
79 67 86
25 96 6
0 76 7
16 4 54
19 97 67
64 53 75
90 45 51
57 36 10
20 91 85
85 78 81
92 44 80
35 88 7
4 27 60
42 15 95
35 19 72
26 66 19
64 47 82
12 34 24
22 5 4
98 30 60
35 1 26
41 87 17
93 36 91
77 54 60
28 15 77
25 73 18
34 60 42
85 88 90
66 24 48
53 56 92
21 41 57
69 13 12
17 60 19
3 78 12
28 21 77
14 99 60
88 34 48
80 54 62
-1
37
0
22 9 7
4 33 21
8 20 29
3 10 14
4 36 2
31 1 30
7 26 10
26 6 14
23 12 19
5 7 29
3 6 5
33 11 35
10 35 12
11 3 4
31 27 19
4 35 3
24 13 15
15 13 10
30 8 29
27 21 24
21 28 9
5 31 34
15 4 25
13 10 5
9 23 33
19 25 9
20 2 6
25 12 3
7 19 30
1 23 13
14 23 5
11 17 14
29 14 32
7 34 14
31 3 24
13 7 0
27 5 21
20 6 7
8 26 33
25 21 33
28 31 19
11 17 1
4 22 31
12 2 7
29 27 23
7 4 29
0 15 21
4 25 5
30 21 12
0 22 14
11 35 30
27 25 32
36 24 21
20 27 9
17 21 35
26 9 0
22 19 16
12 11 33
29 25 11
29 6 25
31 10 33
36 21 26
20 0 11
3 25 16
17 18 23
11 6 0
32 22 14
14 7 17
-1
3
0
0 1 9
1 0 2
2 1 1
1 2 1
-1
18
0
0 8 7
13 7 1
12 7 17
5 9 17
4 6 7
3 11 7
4 1 13
1 5 16
2 9 5
13 10 5
13 0 10
12 15 17
11 12 6
1 15 14
9 11 4
7 5 9
10 17 11
8 13 16
11 12 5
2 12 3
-1
7
0
1 0 6
2 6 5
6 1 4
3 4 1
4 6 3
4 5 1
0 4 2
2 3 6
2 0 4
4 6 2
6 0 5
5 4 3
1 2 5
0 1 4
0 4 5
6 2 3
1 6 5
2 1 3
1 6 0
0 5 1
5 6 3
0 3 6
6 2 3
3 5 4
1 6 0
5 2 6
0 5 3
0 4 2
1 5 2
4 6 0
6 4 5
0 2 6
5 0 2
4 3 2
3 2 0
2 3 1
4 3 0
2 4 0
5 4 2
2 3 4
3 6 5
1 3 2
4 0 1
1 2 4
6 4 0
5 6 1
4 5 3
0 3 2
4 2 5
5 0 3
6 1 3
1 0 3
2 6 4
2 1 0
4 0 5
6 4 2
1 4 3
2 5 0
2 0 1
0 3 6
-1
67
0
50 3 4
19 48 47
34 22 60
21 32 9
3 54 61
41 49 53
27 13 2
0 3 28
8 51 59
20 49 34
45 9 54
43 37 41
38 30 64
26 5 10
10 14 5
61 47 43
22 59 3
50 0 19
11 26 12
41 19 1
57 21 42
36 37 49
7 28 52
17 65 7
42 4 0
19 32 11
36 28 5
54 58 62
51 64 49
56 32 51
43 0 11
7 29 40
48 62 57
2 6 9
28 42 44
49 24 55
47 50 2
27 63 62
9 14 15
14 63 59
64 37 34
20 32 65
1 3 30
51 55 66
31 30 53
24 25 63
60 36 5
52 3 59
44 13 31
60 25 7
43 64 14
14 23 59
7 66 41
58 56 17
22 64 65
56 18 34
20 61 56
56 5 8
57 27 6
49 54 55
11 34 15
22 33 58
41 13 1
4 43 54
37 21 62
10 61 47
41 49 13
3 15 60
34 32 23
42 55 50
46 33 26
47 6 0
60 54 34
17 33 1
27 35 51
11 5 36
41 35 20
4 8 17
9 63 42
62 61 28
33 44 42
16 64 2
64 38 59
33 2 15
37 15 47
45 33 15
54 41 3
28 46 23
42 59 47
11 35 61
21 60 3
34 57 40
37 27 59
62 55 64
62 61 14
36 45 27
4 51 20
22 10 42
51 53 22
62 65 26
1 63 0
50 29 47
27 30 57
19 36 51
25 13 59
33 34 52
18 30 49
62 55 10
3 34 12
43 10 32
18 34 58
35 61 19
46 21 10
40 43 39
6 10 56
13 32 3
58 32 50
23 2 40
8 35 37
25 45 19
65 27 57
41 45 43
23 65 30
24 29 36
55 57 20
0 28 55
56 52 21
57 8 60
48 40 50
7 43 8
61 21 15
50 39 27
53 33 20
56 3 43
48 22 64
27 62 19
54 51 37
39 31 33
28 10 50
16 56 17
54 47 63
4 44 7
12 22 33
52 64 47
28 39 57
62 16 25
11 64 44
37 27 40
37 17 38
47 43 0
4 8 20
3 29 55
51 13 63
20 41 50
43 46 21
24 2 9
32 59 40
48 11 25
40 62 20
64 46 43
48 18 46
66 35 20
62 1 43
15 19 12
50 37 10
9 63 48
16 35 29
56 66 22
58 24 51
8 22 48
5 11 4
32 47 53
34 20 45
10 4 11
36 34 39
3 2 37
40 5 59
37 8 18
3 38 7
34 30 50
52 25 9
58 40 12
31 54 8
60 25 55
4 45 43
52 26 0
29 11 47
35 5 43
22 34 23
63 16 33
16 10 12
29 40 22
62 34 41
57 37 53
25 12 41
16 3 22
36 63 51
30 66 55
63 54 7
8 3 22
12 17 53
20 26 29
23 30 31
29 12 1
19 26 16
18 19 43
15 11 23
48 25 20
5 11 43
8 59 49
54 1 15
1 33 29
56 61 30
45 11 32
13 0 33
32 7 30
10 49 65
4 55 29
53 49 23
3 63 45
65 43 21
64 63 62
52 28 40
9 57 35
52 55 38
31 55 37
9 13 44
19 62 26
49 19 35
26 8 36
25 47 51
45 38 54
59 54 8
61 25 8
2 47 36
55 24 45
49 7 55
8 22 0
49 62 61
25 38 53
17 61 26
26 61 19
24 9 34
65 46 42
55 39 7
26 66 51
18 46 10
26 45 32
59 11 38
33 35 7
33 18 52
34 57 29
29 28 9
1 8 42
43 0 41
2 12 61
46 50 31
5 53 20
38 46 47
63 3 51
17 59 66
15 36 1
41 36 60
33 19 58
2 37 57
36 20 37
61 60 62
2 19 49
37 36 40
59 55 16
52 2 23
48 1 23
61 3 15
66 52 15
7 3 0
0 65 52
6 40 38
55 48 4
7 60 31
65 9 51
17 0 42
0 30 49
52 66 43
35 20 24
8 17 59
22 15 53
61 12 62
57 7 64
23 44 53
59 23 66
24 16 23
54 42 6
63 51 24
18 44 2
28 56 24
57 61 9
10 44 61
24 5 49
35 47 9
22 28 8
60 29 46
30 45 32
63 26 39
60 28 57
42 41 27
3 5 37
40 66 57
32 8 48
4 5 50
47 65 2
35 36 1
12 30 40
54 33 40
2 8 49
58 37 43
0 17 33
13 34 12
3 51 40
51 42 41
1 6 34
15 0 19
44 40 31
29 22 44
19 60 31
55 58 47
8 30 27
58 54 41
8 19 24
27 21 53
46 56 0
42 2 20
7 17 42
31 25 45
15 13 27
59 26 34
15 35 31
66 63 61
21 28 46
26 27 11
50 3 36
35 44 43
52 17 59
9 43 6
28 50 23
66 65 9
50 61 27
39 28 32
31 7 65
16 35 48
38 28 21
17 44 58
64 28 37
25 46 24
4 63 20
35 51 24
38 48 56
12 58 25
61 56 22
24 46 56
48 17 11
59 7 63
0 46 7
66 22 20
58 8 45
27 25 60
28 49 62
7 25 20
26 52 6
37 13 33
36 25 53
6 54 66
34 9 7
62 10 5
12 23 43
5 18 20
7 41 1
14 1 57
19 20 44
36 30 16
3 27 4
35 22 33
59 63 26
58 44 25
44 41 21
2 55 33
48 57 36
20 31 33
26 47 65
1 19 44
64 24 46
65 37 6
46 59 49
25 14 37
52 31 61
2 38 16
22 13 59
2 18 46
30 16 23
62 60 34
31 42 33
-1
80
0
78 62 79
28 27 50
15 31 56
1 14 47
1 18 70
66 38 39
40 44 20
59 45 52
21 43 16
43 29 59
61 50 12
34 15 7
32 1 47
72 68 30
7 18 1
59 53 67
45 20 14
66 13 69
50 10 54
30 10 61
13 71 76
73 55 53
76 58 54
0 65 52
74 17 42
54 55 9
71 47 61
41 54 72
39 70 19
19 15 78
68 63 67
75 47 6
29 21 64
1 32 75
6 36 33
30 63 20
28 78 79
27 60 42
75 23 35
28 36 49
58 6 26
23 14 77
20 61 15
2 53 32
61 40 3
1 66 48
2 59 44
50 46 18
34 78 15
40 70 0
65 49 53
78 5 37
64 22 49
76 3 39
53 40 39
75 69 23
20 68 29
0 54 59
74 22 14
58 38 36
66 43 68
55 52 74
8 55 11
18 73 39
29 71 19
6 38 77
11 56 34
29 17 60
36 10 77
78 43 68
59 34 4
48 58 25
67 71 5
74 61 16
48 0 18
64 37 68
73 19 77
8 38 0
69 78 31
40 2 63
26 37 58
36 8 49
12 28 31
74 71 66
49 25 16
10 59 29
28 29 51
15 68 79
37 22 38
62 28 21
43 45 16
76 9 41
75 10 13
47 63 1
50 46 51
53 63 33
79 33 20
52 39 27
10 66 5
79 5 8
38 1 49
42 39 18
7 63 27
31 12 63
79 0 32
32 16 68
57 40 74
77 67 18
6 11 77
75 48 40
53 67 64
49 14 17
49 31 18
49 61 77
51 29 49
9 63 48
27 33 4
52 4 23
35 69 63
13 52 59
45 0 77
14 65 40
74 20 29
9 34 1
60 36 50
74 45 18
13 22 33
67 35 7
48 9 55
13 11 75
22 49 59
43 67 69
55 57 60
26 21 17
56 14 16
74 51 34
39 12 68
19 3 69
3 52 43
72 79 33
60 59 40
27 8 28
11 51 68
64 74 10
78 6 43
43 44 41
60 70 57
18 8 74
50 1 74
48 15 35
30 68 16
29 45 0
17 16 69
55 68 6
50 39 7
75 64 2
35 57 69
28 43 13
54 5 27
24 40 49
24 3 60
16 73 68
6 31 65
51 60 1
3 68 8
54 2 9
33 14 76
59 13 47
59 77 63
44 35 11
59 61 76
29 32 62
46 27 63
47 71 17
46 2 77
31 13 14
45 18 55
24 12 13
30 56 17
46 34 47
36 40 3
27 14 39
12 10 23
58 2 48
19 53 22
39 38 23
56 2 15
79 12 2
24 9 11
79 35 77
79 77 72
68 21 11
58 74 23
28 13 7
51 13 34
45 39 48
43 11 41
25 53 73
27 58 46
50 36 63
46 59 22
61 58 22
5 27 63
75 47 44
27 31 79
68 50 14
18 69 43
25 76 42
54 66 24
3 75 28
43 16 74
47 8 37
50 64 3
23 67 77
12 47 5
47 51 39
47 44 18
14 50 3
62 30 61
37 22 41
65 39 22
13 20 74
20 28 52
78 4 54
29 74 62
25 27 53
71 9 39
8 45 36
76 61 58
66 51 69
51 33 3
1 50 12
44 58 34
23 39 13
4 36 78
64 68 53
47 16 3
76 66 49
55 71 17
13 48 24
47 68 58
0 68 67
6 67 18
45 24 31
64 17 61
43 75 31
79 9 43
63 28 20
41 0 46
49 74 53
2 30 5
47 66 20
50 33 39
48 32 67
1 2 48
53 54 62
0 58 12
60 67 47
68 29 52
10 63 79
10 0 19
32 19 43
22 0 57
7 59 73
7 70 64
13 17 24
47 32 3
73 16 18
52 22 79
53 27 72
51 76 47
6 8 68
22 23 43
68 18 39
38 11 6
37 7 13
31 50 18
12 56 0
0 6 7
37 43 57
66 54 64
72 30 0
62 7 42
0 13 16
48 69 75
34 28 37
15 20 55
71 23 42
62 0 79
40 49 73
43 26 49
23 8 66
57 76 60
15 45 39
13 18 33
65 35 28
44 19 15
64 17 13
77 67 23
63 77 21
14 17 19
25 50 53
55 74 4
17 7 58
72 51 36
59 2 68
64 15 28
52 79 40
7 54 47
50 11 26
69 34 28
63 49 21
21 14 24
14 48 27
54 11 10
24 69 77
40 52 68
9 12 42
61 55 71
71 7 33
78 15 41
28 22 2
30 75 20
28 69 22
10 33 24
4 34 3
29 12 67
71 14 46
26 62 67
39 20 60
31 41 21
66 65 53
69 0 27
55 4 30
20 69 25
28 47 58
2 72 32
34 26 30
56 37 65
58 55 0
44 77 59
58 21 40
52 63 7
74 69 70
44 61 7
38 50 28
3 78 72
27 35 73
48 3 30
58 31 4
22 56 1
24 55 39
24 72 36
24 44 8
8 3 42
62 49 37
39 79 54
63 40 37
6 39 61
65 27 22
53 67 39
63 4 79
33 34 39
21 44 69
7 20 5
45 24 75
13 20 37
71 7 45
20 11 54
55 56 23
48 10 59
5 39 11
27 40 5
0 43 69
22 67 71
48 55 4
30 70 65
16 44 26
9 2 61
66 62 65
76 67 9
60 3 28
13 46 25
14 54 10
51 67 16
26 47 31
65 74 78
40 44 74
48 2 70
3 14 12
45 37 3
31 19 0
7 63 40
44 38 63
29 23 66
41 45 23
17 59 53
38 43 52
14 51 63
32 24 31
38 35 34
42 60 78
40 57 26
46 74 70
20 39 75
69 67 70
42 28 25
16 46 77
55 22 72
53 12 64
7 14 70
70 64 45
15 34 50
52 33 23
78 68 58
65 66 52
74 58 45
43 76 49
31 39 7
43 55 39
74 36 27
13 20 44
16 40 10
78 74 25
24 74 60
2 73 74
62 60 20
27 65 16
33 62 2
72 48 55
64 35 57
37 59 17
33 56 2
67 21 5
30 24 49
70 72 7
79 4 78
42 61 26
56 78 10
75 41 48
73 29 2
79 18 61
11 32 33
78 24 13
57 11 76
50 32 74
54 12 77
13 31 55
9 0 13
54 19 32
68 7 8
1 32 35
42 47 35
19 7 32
24 6 68
79 18 40
37 64 77
69 61 20
52 38 55
17 38 4
10 13 31
28 57 39
43 33 73
34 61 59
12 56 19
44 1 70
6 49 12
4 8 15
23 38 53
2 29 67
55 29 11
12 32 27
24 3 77
27 56 26
53 8 42
54 64 78
27 9 24
31 42 70
35 40 68
71 77 63
67 43 10
11 43 48
64 11 46
1 78 77
43 20 61
9 11 78
37 27 41
57 61 15
2 24 76
30 71 28
77 0 16
34 63 51
36 1 32
57 10 24
47 46 77
17 54 27
14 26 34
3 59 52
38 21 22
50 52 12
11 44 64
3 1 23
63 35 67
13 54 73
41 49 40
15 20 6
32 47 29
56 25 47
16 35 32
71 54 0
50 46 62
20 56 71
21 73 74
31 8 17
16 78 11
58 71 41
69 55 9
3 47 40
7 65 45
34 49 31
0 38 48
4 53 50
4 62 72
45 72 25
50 54 36
45 1 72
46 44 72
54 48 24
29 45 51
0 79 51
14 47 51
48 67 43
54 24 39
31 28 50
69 65 22
13 10 67
14 19 46
42 67 28
66 78 48
45 5 9
71 38 41
8 44 38
2 28 37
9 35 38
21 24 46
6 74 11
36 39 48
46 60 71
31 18 26
11 45 53
17 11 79
18 54 26
68 42 32
62 31 65
69 65 34
67 27 25
58 62 67
77 6 53
35 18 19
74 73 31
42 44 26
9 6 54
40 74 70
11 63 70
22 1 15
60 58 68
38 40 28
3 16 36
52 78 70
19 1 20
69 39 5
34 51 75
56 63 9
25 33 56
0 30 53
40 60 19
48 20 47
15 30 38
26 51 29
4 68 44
60 75 58
70 44 57
36 60 43
0 63 25
46 52 5
55 63 15
77 44 49
20 28 33
0 2 34
54 62 36
45 6 47
23 58 38
12 79 76
44 1 57
43 46 24
71 10 35
13 76 43
56 26 27
58 21 76
29 66 3
14 54 27
11 41 4
69 49 74
9 15 49
62 47 70
15 68 41
10 13 41
46 27 53
2 33 3
47 28 77
72 79 41
56 70 27
26 31 18
62 73 61
47 1 68
67 26 68
72 38 18
36 29 1
10 61 53
0 50 60
57 73 10
42 37 0
63 51 22
67 46 8
28 35 24
25 45 76
31 51 3
17 6 52
67 74 27
0 6 43
60 61 68
45 22 30
35 6 26
57 34 29
57 79 60
54 22 37
71 16 40
37 11 61
73 10 9
1 49 0
29 11 74
41 70 30
32 13 36
44 45 70
4 67 5
16 0 40
24 25 62
56 58 39
35 37 55
56 58 1
47 60 37
71 21 49
15 77 23
17 12 45
10 47 75
31 44 66
0 71 33
22 15 14
17 6 0
4 33 10
43 66 79
72 59 44
61 34 7
65 16 79
72 67 63
9 34 3
6 79 36
42 13 76
72 71 9
22 15 21
38 8 60
73 13 66
30 22 59
61 18 6
53 5 9
69 20 74
63 36 9
2 49 19
27 29 46
63 32 1
55 16 21
47 34 73
70 48 22
36 38 42
27 59 19
66 44 27
56 13 70
61 60 65
38 37 52
78 2 30
76 65 50
6 4 9
29 21 5
76 39 23
61 0 22
30 67 1
23 35 43
63 39 17
67 23 62
7 75 19
14 25 53
52 37 39
42 15 4
73 50 75
33 40 76
27 2 10
65 11 9
78 12 18
56 44 18
4 7 22
62 58 27
36 13 38
29 19 48
54 63 8
56 9 15
73 35 31
60 30 32
51 73 0
43 35 17
51 27 70
32 58 77
35 4 42
40 33 47
16 0 47
24 30 21
34 58 9
48 50 66
57 56 75
45 46 52
44 20 70
26 64 51
73 61 63
45 47 16
15 14 42
66 32 17
50 70 47
47 31 56
22 77 12
3 17 16
54 6 21
72 53 71
18 36 50
22 45 1
14 0 33
21 19 32
41 7 15
39 60 57
21 46 60
11 16 25
32 23 16
31 72 73
46 35 7
23 30 56
57 10 16
31 33 1
30 50 48
25 63 37
34 30 55
65 69 29
7 53 8
63 77 5
27 15 4
7 20 6
66 34 63
28 14 7
57 75 46
19 74 10
70 41 48
39 41 0
4 0 65
69 47 62
12 74 50
43 77 22
74 54 8
71 61 32
4 16 54
68 66 67
13 43 74
42 46 58
28 37 30
56 27 3
58 7 60
5 47 40
9 22 57
60 33 21
7 19 56
16 69 9
29 18 37
2 22 67
8 3 14
73 7 65
44 66 77
39 47 31
25 28 69
26 28 8
63 15 9
73 14 33
41 61 17
6 45 43
17 65 67
15 63 7
45 55 53
29 59 63
36 41 20
23 21 78
37 64 42
21 20 5
65 63 11
3 10 32
27 50 65
48 75 42
42 57 33
26 54 55
40 42 36
66 17 60
7 68 11
57 62 45
20 55 33
74 10 7
75 56 79
64 58 10
54 36 6
57 37 59
69 25 16
15 19 40
4 13 63
61 36 75
66 78 6
77 24 33
67 75 47
65 59 10
27 77 61
1 67 66
62 20 17
51 27 49
19 1 43
73 36 2
64 51 16
23 4 31
24 0 3
29 6 66
57 24 21
42 58 32
9 70 48
52 75 16
8 5 17
14 9 26
21 30 50
64 26 28
60 43 78
59 17 73
28 73 24
42 18 60
34 41 20
21 47 2
17 16 77
11 12 70
62 47 48
52 45 44
54 30 18
11 20 8
47 61 6
68 55 56
48 40 60
43 60 55
48 52 13
14 53 36
14 54 74
31 18 61
15 2 51
49 32 33
51 41 76
52 59 58
29 48 17
78 30 22
51 27 44
59 74 29
15 10 22
23 38 12
79 67 39
26 54 72
55 60 49
2 41 4
67 10 49
28 3 62
63 10 20
68 31 59
64 52 17
42 58 60
25 56 4
69 15 31
25 22 48
2 67 72
38 58 23
60 61 58
62 37 63
15 55 33
20 19 60
46 66 53
63 29 65
18 61 31
0 67 9
18 0 38
53 34 14
25 68 62
56 68 29
78 27 3
15 61 40
72 34 35
60 10 46
44 56 64
68 31 38
3 10 16
33 56 10
33 26 16
14 68 0
42 17 5
62 27 51
66 37 75
64 67 36
28 74 54
49 19 14
74 10 63
21 31 78
18 20 10
44 7 11
55 68 20
10 40 45
41 66 25
13 77 65
18 40 11
53 6 77
48 37 22
0 62 53
45 48 38
49 10 63
44 1 2
56 72 9
72 47 24
22 12 25
52 43 55
73 40 48
16 10 54
9 56 67
49 70 28
18 31 60
35 29 39
4 57 3
31 72 3
26 27 8
49 65 13
18 31 41
47 66 42
54 33 5
47 37 22
36 53 15
36 2 15
71 70 40
16 61 13
32 43 58
38 30 1
65 8 15
45 66 74
17 6 75
18 64 28
26 44 39
71 34 20
74 10 36
53 29 3
0 2 32
47 5 16
51 61 26
52 79 6
9 3 4
36 62 72
24 26 10
10 21 15
0 52 68
9 76 74
63 18 32
2 11 5
10 41 52
76 19 51
71 77 50
30 21 52
8 78 35
7 70 30
54 66 72
79 18 53
6 43 68
19 44 46
16 39 41
28 47 67
7 41 23
39 13 10
16 70 27
25 28 65
77 21 5
37 76 31
3 42 32
-1
92
0
42 38 58
78 44 37
83 44 84
4 79 58
25 26 91
68 41 3
14 41 52
4 86 36
39 13 80
19 39 23
66 59 68
84 68 2
43 80 19
25 21 79
11 21 25
8 42 53
5 46 58
44 38 23
88 19 58
57 4 77
49 12 72
28 14 50
44 67 64
43 88 31
45 37 81
13 30 54
50 59 53
2 24 25
74 40 89
29 1 87
36 42 69
51 73 74
45 5 58
21 13 35
27 36 10
23 11 78
55 46 88
53 35 14
72 26 27
67 44 60
26 57 45
87 81 68
63 80 88
71 20 88
50 27 33
74 68 45
78 44 47
18 29 66
30 20 72
37 26 52
28 65 6
5 20 12
36 24 44
52 3 16
31 12 38
10 80 81
60 31 77
57 8 55
45 39 3
51 5 21
47 19 18
17 14 8
66 11 83
50 58 8
25 6 64
50 40 35
4 71 83
13 81 85
72 13 24
83 0 86
14 55 29
12 15 65
27 57 3
25 17 12
58 15 51
85 91 33
88 79 65
34 60 75
71 35 50
61 86 17
72 43 9
54 39 24
4 76 85
4 57 15
41 58 52
12 7 84
77 16 86
14 15 2
17 80 78
19 56 5
11 31 44
67 36 65
21 10 61
63 91 71
33 57 34
67 25 80
33 72 4
11 9 27
47 25 11
61 90 23
85 72 6
68 67 87
14 28 65
88 19 71
26 23 68
89 16 41
83 70 37
61 64 11
57 7 71
48 54 30
49 24 47
5 2 56
69 4 55
31 45 80
73 53 13
78 33 64
31 90 27
17 8 78
51 1 2
32 20 55
49 67 15
4 47 31
76 23 63
21 87 90
17 42 52
72 58 52
32 37 45
17 19 42
89 63 69
3 24 19
0 76 24
86 66 44
48 68 17
21 73 42
34 36 81
62 81 70
27 70 80
72 88 14
52 13 33
84 2 43
49 54 56
24 91 68
77 1 2
25 24 63
50 57 78
81 33 39
30 27 31
72 73 61
31 8 12
78 34 42
-1

